4
12
     0      0      1     -0 
0.8660254037844387    0.5 2.710524172154091e-17 -86.60254037844388 
0.9054011001944556 0.4165149844566293 -0.08224424289737764 -90.54011001944556 
0.6981806208030258 0.7114833561247365 -0.07959431319248243 -96.52529711753454 
0.1247521010114716 -0.9886989165978136 -0.08313462342209126 -15.71411127514012 
0.2656612046583987 -0.9585058571377146 -0.1033955810087806 -27.8317467279102 
0.3296050764084064 -0.9379501711203457 -0.1077495712340556 -32.96050764084063 
    -0     -1      0      0 
-0.4653433295428093 -0.8823907377700536 -0.06958571367481216 -3.657030725247676 
-0.5795622635771898 -0.8126562907200938 -0.06080572169082685 -0.3133753355739408 
-0.6095123515071144 -0.7905218860698368 -0.05974814645540015 -3.552713678800501e-15 
-0.8660254037844386    0.5      0     -0 
