3
297
0.000000000000000 0.000000000000000 0
50.000000000000000 86.602540378443862 0
100.000000000000000 0.000000000000000 0
50.000000000000000 43.301270189221931 -176.486999999999995 
49.999999950000003 28.867513430613773 -118.418999999999997 
50.000000000000000 64.951905283832900 -127.244000000000000 
25.000000000000000 43.301270189221931 -606.357999999999947 
25.000000000000000 43.301270189221931 -241.151000000000010 
33.333333349999997 57.735026947830079 -284.834999999999980 
16.666666650000000 28.867513430613773 -423.747999999999990 
33.333333349999997 57.735026947830079 -284.857000000000028 
16.666666650000000 28.867513430613773 -423.718999999999994 
33.333333349999997 57.735026947830079 -97.902000000000001 
16.666666650000000 28.867513430613773 -214.798000000000002 
37.500000000000000 64.951905283832900 -208.788000000000011 
12.500000000000000 21.650635094610966 -154.370000000000005 
37.500000000000000 64.951905283832900 -209.062000000000012 
25.000000000000000 43.301270189221931 -186.149000000000001 
12.500000000000000 21.650635094610966 -269.269999999999982 
37.500000000000000 64.951905283832900 -200.468000000000018 
25.000000000000000 43.301270189221931 -422.003000000000043 
12.500000000000000 21.650635094610966 -201.757000000000005 
37.500000000000000 64.951905283832900 -208.674000000000007 
25.000000000000000 43.301270189221931 -275.998000000000047 
12.500000000000000 21.650635094610966 -226.027000000000015 
37.500000000000000 64.951905283832900 -220.177000000000021 
25.000000000000000 43.301270189221931 -348.435000000000002 
12.500000000000000 21.650635094610966 -221.322999999999979 
37.500000000000000 64.951905283832900 -179.843999999999994 
12.500000000000000 21.650635094610966 -213.492999999999995 
37.500000000000000 64.951905283832900 -51.050500000000000 
25.000000000000000 43.301270189221931 -71.166999999999987 
12.500000000000000 21.650635094610966 -159.216000000000008 
25.000000000000000 43.301270189221931 -605.381999999999948 
25.000000000000000 43.301270189221931 -606.086000000000013 
33.333333349999997 57.735026947830079 -192.473000000000013 
16.666666650000000 28.867513430613773 -246.563000000000017 
33.333333349999997 57.735026947830079 -303.278000000000020 
33.333333349999997 57.735026947830079 -284.793000000000006 
16.666666650000000 28.867513430613773 -423.733000000000004 
37.500000000000000 64.951905283832900 -124.748999999999995 
12.500000000000000 21.650635094610966 -68.244500000000002 
37.500000000000000 64.951905283832900 -207.419999999999987 
25.000000000000000 43.301270189221931 -185.492999999999995 
12.500000000000000 21.650635094610966 -269.264000000000010 
37.500000000000000 64.951905283832900 -207.391999999999996 
25.000000000000000 43.301270189221931 -606.230000000000018 
12.500000000000000 21.650635094610966 -225.111000000000018 
37.500000000000000 64.951905283832900 -208.772999999999996 
25.000000000000000 43.301270189221931 -252.595000000000027 
12.500000000000000 21.650635094610966 -217.538000000000011 
37.500000000000000 64.951905283832900 -200.151999999999987 
25.000000000000000 43.301270189221931 -407.739000000000033 
12.500000000000000 21.650635094610966 -297.016000000000020 
37.500000000000000 64.951905283832900 -209.064999999999998 
12.500000000000000 21.650635094610966 -211.949999999999989 
37.500000000000000 64.951905283832900 -219.919000000000011 
25.000000000000000 43.301270189221931 -176.013000000000005 
12.500000000000000 21.650635094610966 -94.338000000000008 
25.000000000000000 43.301270189221931 -340.750000000000000 
37.500000000000000 64.951905283832900 -209.171999999999997 
25.000000000000000 43.301270189221931 -271.737000000000023 
25.000000000000000 43.301270189221931 -606.222999999999956 
12.500000000000000 21.650635094610966 -202.605000000000018 
37.500000000000000 64.951905283832900 -200.113999999999976 
25.000000000000000 43.301270189221931 -428.391999999999996 
12.500000000000000 21.650635094610966 -232.766999999999996 
37.500000000000000 64.951905283832900 -88.301699999999997 
25.000000000000000 43.301270189221931 -55.839300000000001 
12.500000000000000 21.650635094610966 -133.974000000000018 
41.666666650000003 72.168783619835708 -111.498000000000005 
16.666666650000000 28.867513430613773 -380.126000000000033 
16.666666650000000 28.867513430613773 -423.870999999999981 
16.666666650000000 28.867513430613773 -326.083000000000027 
8.333333350000000 14.433756758608157 -164.370999999999981 
33.333333349999997 57.735026947830079 -219.494000000000000 
33.333333349999997 57.735026947830079 -227.763999999999982 
33.333333349999997 57.735026947830079 -213.046999999999997 
25.000000000000000 43.301270189221931 -260.434000000000026 
33.333333349999997 57.735026947830079 -270.843000000000018 
25.000000000000000 43.301270189221931 -374.852000000000032 
25.000000000000000 43.301270189221931 -376.326999999999998 
16.666666650000000 28.867513430613773 -305.927999999999997 
41.666666650000003 72.168783619835708 -110.591999999999999 
16.666666650000000 28.867513430613773 -223.580999999999989 
16.666666650000000 28.867513430613773 -365.945999999999970 
8.333333350000000 14.433756758608157 -87.136000000000010 
33.333333349999997 57.735026947830079 -125.704000000000008 
33.333333349999997 57.735026947830079 -308.825999999999965 
33.333333349999997 57.735026947830079 -177.338999999999999 
37.500000000000000 64.951905283832900 -180.626000000000005 
12.500000000000000 21.650635094610966 -409.073000000000036 
33.333333349999997 57.735026947830079 -136.736999999999995 
37.500000000000000 64.951905283832900 -122.368000000000009 
12.500000000000000 21.650635094610966 -272.062000000000012 
37.500000000000000 64.951905283832900 -206.002999999999986 
12.500000000000000 21.650635094610966 -248.264000000000010 
33.333333349999997 57.735026947830079 -309.103000000000009 
16.666666650000000 28.867513430613773 -367.891999999999996 
33.333333349999997 57.735026947830079 -163.234999999999985 
16.666666650000000 28.867513430613773 -214.176000000000016 
25.000000000000000 43.301270189221931 -279.393000000000029 
25.000000000000000 43.301270189221931 -306.246000000000038 
25.000000000000000 43.301270189221931 -306.408000000000015 
25.000000000000000 43.301270189221931 -436.978999999999985 
25.000000000000000 43.301270189221931 -185.587999999999994 
25.000000000000000 43.301270189221931 -185.578000000000003 
25.000000000000000 43.301270189221931 -320.812999999999988 
33.333333349999997 57.735026947830079 -2.169110000000000 
16.666666650000000 28.867513430613773 -406.113999999999976 
16.666666650000000 28.867513430613773 -420.285000000000025 
33.333333349999997 57.735026947830079 -266.706000000000017 
33.333333349999997 57.735026947830079 -162.061000000000007 
16.666666650000000 28.867513430613773 -32.921999999999997 
25.000000000000000 43.301270189221931 -257.951999999999998 
25.000000000000000 43.301270189221931 -34.977499999999999 
18.750000000000000 32.475952641916450 -379.752999999999986 
31.250000000000000 54.126587736527412 -224.729000000000013 
37.500000000000000 64.951905283832900 -122.307000000000002 
16.666666650000000 28.867513430613773 -246.199999999999989 
16.666666650000000 28.867513430613773 -428.943000000000040 
33.333333349999997 57.735026947830079 -284.387000000000000 
16.666666650000000 28.867513430613773 -423.538999999999987 
16.666666650000000 28.867513430613773 -428.659999999999968 
37.500000000000000 64.951905283832900 -189.881000000000000 
12.500000000000000 21.650635094610966 -219.114000000000004 
37.500000000000000 64.951905283832900 -203.354000000000013 
12.500000000000000 21.650635094610966 -236.448999999999984 
12.500000000000000 21.650635094610966 -226.870999999999981 
37.500000000000000 64.951905283832900 -192.891999999999996 
33.333333349999997 57.735026947830079 -161.758999999999986 
16.666666650000000 28.867513430613773 -32.699300000000001 
16.666666650000000 28.867513430613773 -344.552000000000021 
31.250000000000000 54.126587736527412 -225.452999999999975 
18.750000000000000 32.475952641916450 -391.420000000000016 
25.000000000000000 43.301270189221931 -373.988000000000000 
33.333333349999997 57.735026947830079 -281.810999999999979 
16.666666650000000 28.867513430613773 -108.141000000000005 
20.000000000000000 34.641016151377542 -220.224999999999994 
30.000000000000000 51.961524227066313 -160.149000000000001 
33.333333349999997 57.735026947830079 -104.781999999999996 
16.666666650000000 28.867513430613773 -462.036000000000001 
28.571428550000000 49.487165893423978 -241.278999999999996 
21.428571450000000 37.115374485019885 -325.276999999999987 
33.333333349999997 57.735026947830079 -281.810999999999979 
16.666666650000000 28.867513430613773 -108.141000000000005 
16.666666650000000 28.867513430613773 -246.624000000000024 
33.333333349999997 57.735026947830079 -161.444000000000017 
37.500000000000000 64.951905283832900 -206.360999999999990 
12.500000000000000 21.650635094610966 -246.915999999999997 
16.666666650000000 28.867513430613773 -286.764000000000010 
33.333333349999997 57.735026947830079 -192.894000000000005 
16.666666650000000 28.867513430613773 -286.774000000000001 
33.333333349999997 57.735026947830079 -192.923000000000002 
12.500000000000000 21.650635094610966 -279.735999999999990 
37.500000000000000 64.951905283832900 -211.699000000000012 
12.500000000000000 21.650635094610966 -225.680999999999983 
37.500000000000000 64.951905283832900 -188.207000000000022 
16.666666650000000 28.867513430613773 -298.920999999999992 
16.666666650000000 28.867513430613773 -344.397999999999968 
33.333333349999997 57.735026947830079 -0.409833000000000 
40.000000000000000 69.282032302755084 -155.973999999999990 
10.000000000000000 17.320508075688771 -166.975000000000023 
33.333333349999997 57.735026947830079 -284.800000000000011 
16.666666650000000 28.867513430613773 -423.730000000000018 
12.500000000000000 21.650635094610966 -79.373499999999993 
25.000000000000000 43.301270189221931 -606.193999999999960 
25.000000000000000 43.301270189221931 -606.201999999999998 
43.750000000000000 75.777222831138374 -70.001900000000006 
6.250000000000000 10.825317547305483 -67.958500000000001 
5.555555550000000 9.622504476871258 -84.114699999999999 
44.444444449999999 76.980035901572606 -92.288600000000002 
27.777777799999999 48.112522470958830 -270.528999999999996 
22.222222200000001 38.490017907485033 -233.570999999999998 
33.333333349999997 57.735026947830079 -161.596999999999980 
27.777777799999999 48.112522470958830 -313.583000000000027 
22.222222200000001 38.490017907485033 -365.293999999999983 
21.428571450000000 37.115374485019885 -204.265999999999991 
20.000000000000000 34.641016151377542 -396.201999999999998 
30.000000000000000 51.961524227066313 -261.218000000000018 
20.000000000000000 34.641016151377542 -449.539000000000044 
30.000000000000000 51.961524227066313 -13.600199999999999 
31.250000000000000 54.126587736527412 -388.175000000000011 
18.750000000000000 32.475952641916450 -384.812999999999988 
16.666666650000000 28.867513430613773 -287.133000000000038 
33.333333349999997 57.735026947830079 -234.798000000000002 
16.666666650000000 28.867513430613773 -427.424000000000035 
25.000000000000000 43.301270189221931 -198.515999999999991 
25.000000000000000 43.301270189221931 -152.808999999999997 
25.000000000000000 43.301270189221931 -100.980999999999995 
41.379310349999997 71.671067908360698 -125.983000000000018 
25.000000000000000 43.301270189221931 -606.152000000000044 
25.000000000000000 43.301270189221931 -606.149999999999977 
12.500000000000000 21.650635094610966 -211.302999999999997 
8.333333350000000 14.433756758608157 -101.140000000000001 
41.666666650000003 72.168783619835708 -125.471999999999994 
33.333333349999997 57.735026947830079 -227.763999999999982 
16.666666650000000 28.867513430613773 -380.126000000000033 
8.333333350000000 14.433756758608157 -190.712999999999994 
41.666666650000003 72.168783619835708 -103.534999999999997 
41.666666650000003 72.168783619835708 -127.151999999999987 
8.333333350000000 14.433756758608157 -114.515000000000001 
11.764705899999999 20.377068354905333 -389.539000000000044 
25.000000000000000 43.301270189221931 -154.188999999999993 
25.000000000000000 43.301270189221931 -197.752000000000010 
16.666666650000000 28.867513430613773 -423.870999999999981 
33.333333349999997 57.735026947830079 -270.807999999999993 
12.500000000000000 21.650635094610966 -297.041999999999973 
37.500000000000000 64.951905283832900 -200.135999999999996 
25.000000000000000 43.301270189221931 -407.733999999999980 
33.333333349999997 57.735026947830079 -192.473000000000013 
16.666666650000000 28.867513430613773 -246.563000000000017 
16.666666650000000 28.867513430613773 -423.752000000000010 
33.333333349999997 57.735026947830079 -284.835999999999956 
33.333333349999997 57.735026947830079 -302.846999999999980 
12.500000000000000 21.650635094610966 -232.784999999999997 
29.310344849999996 50.767006467564777 -125.957999999999984 
20.689655150000000 35.835533910879079 -305.415999999999997 
16.666666650000000 28.867513430613773 -297.057999999999993 
16.666666650000000 28.867513430613773 -423.644999999999982 
33.333333349999997 57.735026947830079 -284.405000000000030 
26.923076899999998 46.632137086883979 -254.678000000000026 
10.000000000000000 17.320508075688771 -101.444999999999993 
16.666666650000000 28.867513430613773 -423.718999999999994 
33.333333349999997 57.735026947830079 -284.718000000000018 
33.333333349999997 57.735026947830079 -322.792000000000030 
25.000000000000000 43.301270189221931 -303.756000000000029 
33.333333349999997 57.735026947830079 -64.676300000000012 
33.333333349999997 57.735026947830079 -105.304999999999993 
16.666666650000000 28.867513430613773 -83.168000000000006 
16.666666650000000 28.867513430613773 -155.625999999999976 
16.666666650000000 28.867513430613773 -147.758000000000010 
25.000000000000000 43.301270189221931 -304.233999999999980 
14.285714299999999 24.743582990013255 -461.851999999999975 
25.000000000000000 43.301270189221931 -605.901000000000067 
11.764705899999999 20.377068354905333 -389.622999999999990 
33.333333300000000 0.000000000000000 -45.544499999999999 
25.000000000000000 0.000000000000000 -45.544000000000004 
50.000000000000000 0.000000000000000 -106.259999999999991 
25.000000000000000 0.000000000000000 -40.563200000000002 
50.000000000000000 0.000000000000000 -37.195799999999998 
25.000000000000000 0.000000000000000 -109.736000000000004 
66.666666699999993 0.000000000000000 -15.141699999999998 
33.333333300000000 0.000000000000000 -14.353000000000000 
50.000000000000000 0.000000000000000 -20.024299999999997 
25.000000000000000 0.000000000000000 -32.004199999999997 
50.000000000000000 0.000000000000000 -106.245999999999995 
25.000000000000000 0.000000000000000 -51.163499999999999 
25.000000000000000 0.000000000000000 -111.932000000000002 
50.000000000000000 0.000000000000000 -37.572800000000001 
25.000000000000000 0.000000000000000 -100.497000000000000 
25.000000000000000 0.000000000000000 -79.498999999999995 
33.333333300000000 0.000000000000000 -35.107999999999997 
16.666666700000000 0.000000000000000 -35.374299999999998 
33.333333300000000 0.000000000000000 -41.269800000000004 
16.666666700000000 0.000000000000000 -15.556800000000001 
75.000000000000000 0.000000000000000 -76.474800000000002 
33.333333300000000 0.000000000000000 -114.783000000000001 
33.333333300000000 0.000000000000000 -65.500199999999992 
33.333333300000000 0.000000000000000 -15.619700000000000 
50.000000000000000 0.000000000000000 -0.427000000000000 
25.000000000000000 0.000000000000000 -115.248000000000005 
33.333333300000000 0.000000000000000 -15.447300000000000 
50.000000000000000 0.000000000000000 -34.698899999999995 
33.333333300000000 0.000000000000000 -16.084000000000000 
66.666666699999993 0.000000000000000 -13.227700000000000 
25.000000000000000 0.000000000000000 -75.613399999999999 
11.111111100000000 0.000000000000000 -2.080000000000000 
50.000000000000000 0.000000000000000 -19.081000000000000 
50.000000000000000 0.000000000000000 -19.550200000000000 
16.666666700000000 0.000000000000000 -41.200300000000006 
33.333333300000000 0.000000000000000 -35.108199999999997 
66.666666699999993 0.000000000000000 -15.172300000000000 
33.333333300000000 0.000000000000000 -15.058700000000000 
25.000000000000000 0.000000000000000 -79.498999999999995 
33.333333300000000 0.000000000000000 -50.500999999999998 
33.333333300000000 0.000000000000000 -45.503300000000003 
20.000000000000000 0.000000000000000 -156.414999999999992 
16.666666700000000 0.000000000000000 -164.009999999999991 
7.692307690000000 0.000000000000000 -78.471999999999994 
33.333333300000000 0.000000000000000 -35.459900000000005 
62.500000000000000 64.951905283832900 -18.945499999999999 
62.500000000000000 64.951905283832900 -45.482199999999999 
62.500000000000000 64.951905283832900 -18.772700000000000 
62.500000000000000 64.951905283832900 -45.368000000000002 
66.666666649999996 57.735026947830079 -0.654667000000000 
62.500000000000000 64.951905283832900 -45.745699999999999 
62.500000000000000 64.951905283832900 -83.885500000000008 
62.500000000000000 64.951905283832900 -63.837699999999998 
62.500000000000000 64.951905283832900 -31.353500000000000 
62.500000000000000 64.951905283832900 -63.449099999999994 
62.500000000000000 64.951905283832900 -83.710800000000006 
62.500000000000000 64.951905283832900 -55.711499999999994 
62.500000000000000 64.951905283832900 -35.754500000000000 
62.500000000000000 64.951905283832900 -17.237800000000000 
73.076923099999988 46.632137086883979 -37.960500000000003 
62.500000000000000 64.951905283832900 -82.313500000000005 

