4
34
    -0     -0      1     -0 
    -1     -0 -7.719011552965559e-10 -86.602540378 
0.2878682406264943 0.9564244842681534 -0.0488270614618943 -22.89110328100788 
0.5792764383263251 0.8128495027621677 -0.06094664764582176 -1.77635683940025e-15 
0.7480257207706714 0.6562769634835178 -0.09878293509696334     -0 
0.868859075843216 0.4732984735978306 -0.1451635671056488 -7.673657781506815 
0.5000000133971263 -0.866025396049604 6.8242494581167e-11 6.606259300960136e-16 
0.5000000129200749 -0.8660253963250298     -0 -2.112186603397959e-08 
0.5000000000019201 0.8660254037833259 8.53380849999686e-08 -7.530183940402492e-15 
0.5000000066469368 0.8660253999468279 -3.700568757555473e-09 -1.071197870860934e-15 
0.5000000000019217 -0.8660254037833285 3.373192970521944e-08 -5.683797063901216e-15 
0.500000001065989 -0.8660254031689895 1.180298372497792e-08 -6.250932169195399e-15 
0.4999999957236465 -0.8660254062533924      0 -6.830127041723699e-07 
0.4999999958457647 -0.8660254061828874 5.181051956211431e-09 -4.799116977764335e-07 
0.4999999963141676 -0.8660254059124549 5.495113888627809e-09 -4.380270588894555e-07 
0.3902612497767036 -0.8765820891759721 -0.2816025530044311 -82.18860248263363 
-0.002969614626983579 -0.9914789669598416 -0.1302330198728899 -57.25160664182228 
0.4999999912486148 0.8660254088370533 -9.465143602810043e-10 -1.010744858644559e-06 
0.4999999919819246 0.8660254084136766 -6.318999285845573e-10 -9.260695262859148e-07 
0.4999999923536434 0.8660254081990646 -8.458487169453392e-10 -9.03248046043781e-07 
-0.1604026544663569 -0.981421518571251 -0.1052748370953194 -62.96235328872361 
-0.02964869555342255 -0.9918171221370012 -0.124176290361152 -57.68559609560646 
0.2894405205196133 -0.9162785375278207 -0.2768714986184266 -87.61072517932735 
-0.06420330374506249 -0.9832936928083789 -0.1703274771476423 -74.87749091810416 
    -1 -5.180037623680926e-09 -1.565249780528472e-09 -86.60254063700188 
-0.9999999999999998 -1.844349252719753e-08 -3.194806978753947e-09 -86.60254130017461 
0.1657651426596482 -0.9732031729523212 -0.159365936242853 -56.05505682115692 
0.02878732348758524 -0.9908846398130857 -0.1316013700115343 -55.65079876192951 
0.4999999467536738 -0.8660254345262169 -1.674994962373578e-08 -7.257619170761044e-06 
0.4999995719886546 -0.8660256508967531 -1.311216375098143e-07 -5.681395658812805e-05 
0.4999999884524572 -0.8660254104514155 -1.28180585376781e-09 -1.333617313799247e-06 
0.4999999880699688 -0.8660254106722453 -1.513674447878914e-09 -1.401410545306716e-06 
0.4999999917531213 -0.8660254085457763 -3.918268877850392e-10 -9.524894551916564e-07 
0.4999999919950696 -0.8660254084060874 -3.948675058193146e-10 -9.370830667287062e-07 
