3
375
0.0000000000e+00 0.0000000000e+00 0
-8.6602540378e+01 5.0000000000e+01 0
-8.6602540378e+01 -5.0000000000e+01 0
-4.3301270e+01 -3.5527137e-15 -8.1019000e+01 
-6.4951905e+01 1.2500000e+01 -2.3563100e+02 
-6.4951905e+01 -1.2500000e+01 -3.4296400e+02 
-4.3301270e+01 -3.5527137e-15 -1.1238400e+02 
-6.4951905e+01 1.2500000e+01 -2.1178500e+02 
-6.4951905e+01 -1.2500000e+01 -1.3314300e+02 
-7.5777223e+01 3.1250000e+01 -2.8378700e+02 
-5.7735027e+01 3.3333333e+01 -1.3843300e+01 
-6.4951905e+01 3.7500000e+01 -4.1389200e+01 
-6.4951905e+01 3.7500000e+01 -2.2359000e+01 
-6.4951905e+01 3.7500000e+01 -3.2577000e+01 
-6.4951905e+01 3.7500000e+01 -6.3457500e+01 
-6.4951905e+01 3.7500000e+01 -1.1720500e+02 
-4.3301270e+01 2.5000000e+01 -3.4328500e+01 
-4.3301270e+01 2.5000000e+01 -4.2301500e+01 
-6.4951905e+01 3.7500000e+01 -6.3285500e+01 
-6.4951905e+01 3.7500000e+01 -1.1240000e+02 
-6.4951905e+01 3.7500000e+01 -2.1923300e+01 
-6.4951905e+01 3.7500000e+01 -1.4736300e+01 
-5.7735027e+01 3.3333333e+01 -1.0440500e+01 
-7.2168784e+01 4.1666667e+01 -1.7299500e+01 
-5.7735027e+01 3.3333333e+01 -7.1476700e+00 
-5.7735027e+01 3.3333333e+01 -1.8678700e+01 
-6.4951905e+01 3.7500000e+01 -2.9338600e+01 
-5.7735027e+01 3.3333333e+01 -1.7922300e+01 
-6.4951905e+01 3.7500000e+01 -8.4529500e+01 
-2.1650635e+01 1.2500000e+01 -3.7221400e+01 
-5.7735027e+01 3.3333333e+01 -5.4394200e+01 
-5.7735027e+01 3.3333333e+01 -6.6600000e+01 
-6.4951905e+01 3.7500000e+01 -1.0215600e+02 
-6.4951905e+01 3.7500000e+01 -6.5405000e+01 
-6.4951905e+01 3.7500000e+01 -9.9501100e+01 
-6.4951905e+01 3.7500000e+01 -8.4073000e+01 
-2.1650635e+01 1.2500000e+01 -3.8377000e+01 
-5.7735027e+01 3.3333333e+01 -3.3353300e+00 
-5.7735027e+01 3.3333333e+01 -3.6836700e+00 
-2.1650635e+01 1.2500000e+01 -1.3805800e+01 
-6.4951905e+01 3.7500000e+01 -6.1798600e+01 
-6.4951905e+01 3.7500000e+01 -9.1417400e+01 
-6.9282032e+01 4.0000000e+01 -5.3828000e+01 
-4.3301270e+01 2.5000000e+01 -3.7160000e+01 
-7.6980036e+01 4.4444444e+01 -4.8936700e+00 
-4.8112522e+01 2.7777778e+01 -4.7875600e+00 
-5.7735027e+01 3.3333333e+01 -2.3571200e+01 
-5.4126588e+01 3.1250000e+01 -1.6394900e+01 
-3.2475953e+01 1.8750000e+01 -5.6313800e+00 
-5.7735027e+01 3.3333333e+01 -8.4591300e+01 
-4.3301270e+01 2.5000000e+01 -4.1681700e+01 
-4.3301270e+01 2.5000000e+01 -4.1781300e+01 
-7.2168784e+01 4.1666667e+01 -3.9147500e+01 
-5.7735027e+01 3.3333333e+01 -6.1960000e+00 
-6.4951905e+01 3.7500000e+01 -6.0148500e+01 
-5.7735027e+01 3.3333333e+01 -1.8978500e+01 
-5.7735027e+01 3.3333333e+01 -9.7900000e+00 
-6.4951905e+01 3.7500000e+01 -1.1218400e+02 
-4.3301270e+01 -2.5000000e+01 -2.4411000e+02 
-5.7735027e+01 -3.3333333e+01 -1.5347900e+02 
-2.8867513e+01 -1.6666667e+01 -1.4074900e+02 
-5.7735027e+01 -3.3333333e+01 -1.5363200e+02 
-2.1650635e+01 -1.2500000e+01 -9.1634300e+01 
-6.4951905e+01 -3.7500000e+01 -1.0509500e+02 
-4.3301270e+01 -2.5000000e+01 -4.9169300e+01 
-2.1650635e+01 -1.2500000e+01 -7.9545000e+01 
-6.4951905e+01 -3.7500000e+01 -1.4951900e+02 
-4.3301270e+01 -2.5000000e+01 -2.1989800e+02 
-2.1650635e+01 -1.2500000e+01 -6.6624800e+01 
-6.4951905e+01 -3.7500000e+01 -1.0427200e+02 
-2.1650635e+01 -1.2500000e+01 -6.6338800e+01 
-4.3301270e+01 -2.5000000e+01 -3.2102000e+01 
-2.1650635e+01 -1.2500000e+01 -7.4526800e+01 
-4.3301270e+01 -2.5000000e+01 -5.4476500e+01 
-4.3301270e+01 -2.5000000e+01 -2.4385000e+02 
-5.7735027e+01 -3.3333333e+01 -1.1685200e+02 
-2.8867513e+01 -1.6666667e+01 -5.1782700e+01 
-5.7735027e+01 -3.3333333e+01 -4.6209700e+01 
-5.7735027e+01 -3.3333333e+01 -1.5373900e+02 
-2.8867513e+01 -1.6666667e+01 -1.4120700e+02 
-2.1650635e+01 -1.2500000e+01 -2.1427800e+01 
-6.4951905e+01 -3.7500000e+01 -4.2022500e+00 
-6.4951905e+01 -3.7500000e+01 -3.6108500e+01 
-4.3301270e+01 -2.5000000e+01 -7.7778300e+01 
-2.1650635e+01 -1.2500000e+01 -1.2414300e+01 
-6.4951905e+01 -3.7500000e+01 -1.0544900e+02 
-4.3301270e+01 -2.5000000e+01 -4.9062000e+01 
-2.1650635e+01 -1.2500000e+01 -7.9019500e+01 
-6.4951905e+01 -3.7500000e+01 -1.4754600e+02 
-4.3301270e+01 -2.5000000e+01 -2.1966500e+02 
-2.1650635e+01 -1.2500000e+01 -6.6665500e+01 
-2.1650635e+01 -1.2500000e+01 -9.5826500e+01 
-4.3301270e+01 -2.5000000e+01 -5.5906300e+01 
-2.1650635e+01 -1.2500000e+01 -7.4202000e+01 
-4.3301270e+01 -2.5000000e+01 -5.3653500e+01 
-4.3301270e+01 -2.5000000e+01 -2.4387800e+02 
-2.1650635e+01 -1.2500000e+01 -8.0435300e+01 
-6.4951905e+01 -3.7500000e+01 -1.4741200e+02 
-4.3301270e+01 -2.5000000e+01 -2.1982000e+02 
-2.1650635e+01 -1.2500000e+01 -6.7048800e+01 
-7.2168784e+01 -4.1666667e+01 -6.8996500e+01 
-2.8867513e+01 -1.6666667e+01 -6.7414500e+01 
-2.8867513e+01 -1.6666667e+01 -1.4147200e+02 
-2.8867513e+01 -1.6666667e+01 -4.0446200e+01 
-5.7735027e+01 -3.3333333e+01 -8.5485500e+01 
-5.7735027e+01 -3.3333333e+01 -1.0526100e+02 
-5.7735027e+01 -3.3333333e+01 -1.0509200e+02 
-4.3301270e+01 -2.5000000e+01 -7.4483500e+01 
-5.7735027e+01 -3.3333333e+01 -1.5360600e+02 
-4.3301270e+01 -2.5000000e+01 -1.6254500e+02 
-4.3301270e+01 -2.5000000e+01 -1.6260600e+02 
-2.8867513e+01 -1.6666667e+01 -7.9707800e+01 
-2.8867513e+01 -1.6666667e+01 -1.5609500e+02 
-1.4433757e+01 -8.3333334e+00 -2.5564500e+01 
-5.7735027e+01 -3.3333333e+01 -4.4849700e+01 
-5.7735027e+01 -3.3333333e+01 -1.8451900e+02 
-2.8867513e+01 -1.6666667e+01 -2.7998600e+02 
-6.4951905e+01 -3.7500000e+01 -3.4749000e+01 
-2.1650635e+01 -1.2500000e+01 -3.4588800e+00 
-2.8867513e+01 -1.6666667e+01 -2.6542600e+02 
-5.7735027e+01 -3.3333333e+01 -1.8452200e+02 
-2.8867513e+01 -1.6666667e+01 -1.5529000e+02 
-4.3301270e+01 -2.5000000e+01 -4.9344700e+01 
-4.3301270e+01 -2.5000000e+01 -5.0324000e+01 
-4.3301270e+01 -2.5000000e+01 -8.4155000e+00 
-5.7735027e+01 -3.3333333e+01 -2.8329800e+01 
-2.8867513e+01 -1.6666667e+01 -4.2885200e+01 
-5.7735027e+01 -3.3333333e+01 -1.1581800e+02 
-5.4126588e+01 -3.1250000e+01 -5.2614400e+01 
-5.7735027e+01 -3.3333333e+01 -5.4090300e+01 
-5.7735027e+01 -3.3333333e+01 -1.5429300e+02 
-2.8867513e+01 -1.6666667e+01 -1.4108100e+02 
-5.7735027e+01 -3.3333333e+01 -5.4292700e+01 
-1.4433757e+01 -8.3333334e+00 -1.9731800e+01 
-5.4126588e+01 -3.1250000e+01 -1.6579800e+01 
-4.3301270e+01 -2.5000000e+01 -3.8369600e+01 
-5.7735027e+01 -3.3333333e+01 -1.4818800e+02 
-4.9487166e+01 -2.8571429e+01 -6.9340000e+01 
-3.7115374e+01 -2.1428571e+01 -8.5381600e+01 
-2.8867513e+01 -1.6666667e+01 -5.1903300e+01 
-5.7735027e+01 -3.3333333e+01 -1.1705200e+02 
-6.4951905e+01 -3.7500000e+01 -6.4064200e+01 
-2.1650635e+01 -1.2500000e+01 -9.2389800e+01 
-1.7320508e+01 -1.0000000e+01 -1.3753400e+01 
-5.7735027e+01 -3.3333333e+01 -1.5340800e+02 
-2.8867513e+01 -1.6666667e+01 -1.4044000e+02 
-4.3301270e+01 -2.5000000e+01 -2.2850500e+02 
-4.3301270e+01 -2.5000000e+01 -2.4281500e+02 
-3.8490018e+01 -2.2222222e+01 -7.4818900e+01 
-2.8867513e+01 -1.6666667e+01 -2.7140500e+02 
-4.8112522e+01 -2.7777778e+01 -3.7688700e+01 
-4.9487166e+01 -2.8571429e+01 -1.8353300e+02 
-5.1961524e+01 -3.0000000e+01 -2.0678900e+01 
-5.4126588e+01 -3.1250000e+01 -1.2010900e+02 
-3.2475953e+01 -1.8750000e+01 -1.9483500e+02 
-4.3301270e+01 -2.5000000e+01 -5.4609700e+01 
-1.4931472e+01 -8.6206897e+00 -1.7034000e+02 
-5.7735027e+01 -3.3333333e+01 -1.0783600e+02 
-2.8867513e+01 -1.6666667e+01 -6.7445000e+01 
-5.7735027e+01 -3.3333333e+01 -1.5577900e+02 
-4.3301270e+01 -2.5000000e+01 -2.2093100e+02 
-2.1650635e+01 -1.2500000e+01 -6.5104800e+01 
-2.8867513e+01 -1.6666667e+01 -1.4078100e+02 
-3.9970403e+01 -2.3076923e+01 -2.4120000e+02 
-2.8867513e+01 -1.6666667e+01 -1.4194600e+02 
-5.7735027e+01 -3.3333333e+01 -1.5659300e+02 
-2.8867513e+01 -1.6666667e+01 -2.7897900e+02 
-8.6602540e+01 -7.1054274e-15 -3.4637300e+02 
-8.6602540e+01 -7.1054274e-15 -1.1751500e+02 
-8.6602540e+01 -1.6666667e+01 -3.1010100e+02 
-8.6602540e+01 1.6666667e+01 -4.0861900e+02 
-8.6602540e+01 -1.6666667e+01 -3.0844100e+02 
-8.6602540e+01 1.6666667e+01 -4.1309700e+02 
-8.6602540e+01 -1.6666667e+01 -9.8075000e+01 
-8.6602540e+01 1.6666667e+01 -8.5625300e+01 
-8.6602540e+01 -2.5000000e+01 -9.4998200e+01 
-8.6602540e+01 2.5000000e+01 -4.7294500e+02 
-8.6602540e+01 -2.5000000e+01 -2.1056400e+02 
-8.6602540e+01 -7.1054274e-15 -3.1217800e+02 
-8.6602540e+01 2.5000000e+01 -1.4608800e+02 
-8.6602540e+01 -2.5000000e+01 -1.7082500e+02 
-8.6602540e+01 -7.1054274e-15 -3.0545600e+02 
-8.6602540e+01 2.5000000e+01 -3.3096900e+02 
-8.6602540e+01 -2.5000000e+01 -2.0920300e+02 
-8.6602540e+01 -7.1054274e-15 -3.0982100e+02 
-8.6602540e+01 2.5000000e+01 -3.0503400e+02 
-8.6602540e+01 -2.5000000e+01 -8.6939000e+01 
-8.6602540e+01 -7.1054274e-15 -2.9509000e+02 
-8.6602540e+01 2.5000000e+01 -4.2983200e+02 
-8.6602540e+01 -2.5000000e+01 -8.7178200e+01 
-8.6602540e+01 2.5000000e+01 -4.7301300e+02 
-8.6602540e+01 -2.5000000e+01 -5.2122700e+01 
-8.6602540e+01 -7.1054274e-15 -6.7948800e+01 
-8.6602540e+01 2.5000000e+01 -2.8752800e+01 
-8.6602540e+01 -7.1054274e-15 -3.4099500e+02 
-8.6602540e+01 -7.1054274e-15 -3.5951200e+02 
-8.6602540e+01 -1.6666667e+01 -7.6350700e+01 
-8.6602540e+01 1.6666667e+01 -3.1637000e+02 
-8.6602540e+01 -1.6666667e+01 -3.0804900e+02 
-8.6602540e+01 1.6666667e+01 -2.6216100e+02 
-8.6602540e+01 -1.6666667e+01 -3.1053900e+02 
-8.6602540e+01 1.6666667e+01 -4.0888700e+02 
-8.6602540e+01 -2.5000000e+01 -5.4844500e+01 
-8.6602540e+01 2.5000000e+01 -1.7707600e+02 
-8.6602540e+01 -2.5000000e+01 -2.0952800e+02 
-8.6602540e+01 -7.1054274e-15 -3.0837100e+02 
-8.6602540e+01 2.5000000e+01 -1.4820300e+02 
-8.6602540e+01 -2.5000000e+01 -9.9054700e+01 
-8.6602540e+01 -7.1054274e-15 -4.0335400e+02 
-8.6602540e+01 2.5000000e+01 -3.1044400e+02 
-8.6602540e+01 -2.5000000e+01 -2.1029900e+02 
-8.6602540e+01 -7.1054274e-15 -3.1307300e+02 
-8.6602540e+01 2.5000000e+01 -2.9699000e+02 
-8.6602540e+01 -2.5000000e+01 -1.7204700e+02 
-8.6602540e+01 -7.1054274e-15 -2.8451300e+02 
-8.6602540e+01 2.5000000e+01 -4.2990400e+02 
-8.6602540e+01 -2.5000000e+01 -9.8867500e+01 
-8.6602540e+01 2.5000000e+01 -4.6977700e+02 
-8.6602540e+01 -2.5000000e+01 -6.1737000e+01 
-8.6602540e+01 -7.1054274e-15 -3.0079600e+02 
-8.6602540e+01 2.5000000e+01 -3.1100000e+02 
-8.6602540e+01 -7.1054274e-15 -1.0781600e+02 
-8.6602540e+01 -2.5000000e+01 -9.3222200e+01 
-8.6602540e+01 -7.1054274e-15 -2.9682200e+02 
-8.6602540e+01 -7.1054274e-15 -3.8940800e+02 
-8.6602540e+01 2.5000000e+01 -4.7353200e+02 
-8.6602540e+01 -2.5000000e+01 -1.7855800e+02 
-8.6602540e+01 -7.1054274e-15 -2.8858100e+02 
-8.6602540e+01 2.5000000e+01 -4.2958400e+02 
-8.6602540e+01 -2.5000000e+01 -3.9358200e+01 
-8.6602540e+01 -7.1054274e-15 -4.6230000e+01 
-8.6602540e+01 2.5000000e+01 -1.9745500e+01 
-8.6602540e+01 -3.3333333e+01 -1.0273700e+02 
-8.6602540e+01 1.6666667e+01 -2.7268100e+02 
-8.6602540e+01 1.6666667e+01 -4.1335800e+02 
-8.6602540e+01 1.6666667e+01 -2.8721900e+02 
-8.6602540e+01 3.3333333e+01 -1.7723400e+02 
-8.6602540e+01 -1.6666667e+01 -1.5267800e+02 
-8.6602540e+01 -1.6666667e+01 -2.1369500e+02 
-8.6602540e+01 -1.6666667e+01 -2.2105700e+02 
-8.6602540e+01 -7.1054274e-15 -3.0204800e+02 
-8.6602540e+01 -1.6666667e+01 -3.1023200e+02 
-8.6602540e+01 -7.1054274e-15 -2.8270300e+02 
-8.6602540e+01 -7.1054274e-15 -2.8407700e+02 
-8.6602540e+01 1.6666667e+01 -4.0861900e+02 
-8.6602540e+01 -3.3333333e+01 -5.2947000e+01 
-8.6602540e+01 1.6666667e+01 -7.2310800e+01 
-8.6602540e+01 1.6666667e+01 -4.1484600e+02 
-8.6602540e+01 3.3333333e+01 -1.8105600e+02 
-8.6602540e+01 -1.6666667e+01 -1.1757100e+02 
-8.6602540e+01 -1.6666667e+01 -2.2879400e+02 
-8.6602540e+01 1.6666667e+01 -3.5507500e+02 
-8.6602540e+01 -2.5000000e+01 -1.8301400e+02 
-8.6602540e+01 2.5000000e+01 -4.7371000e+02 
-8.6602540e+01 1.6666667e+01 -3.6340100e+02 
-8.6602540e+01 -2.5000000e+01 -2.0236700e+02 
-8.6602540e+01 2.5000000e+01 -3.2412800e+02 
-8.6602540e+01 -2.5000000e+01 -8.9721900e+01 
-8.6602540e+01 2.5000000e+01 -4.7475000e+02 
-8.6602540e+01 -1.6666667e+01 -2.3066500e+02 
-8.6602540e+01 1.6666667e+01 -4.3537600e+02 
-8.6602540e+01 -1.6666667e+01 -9.7543300e+01 
-8.6602540e+01 1.6666667e+01 -9.0056700e+01 
-8.6602540e+01 -7.1054274e-15 -1.7221300e+02 
-8.6602540e+01 -7.1054274e-15 -4.0554300e+02 
-8.6602540e+01 -7.1054274e-15 -4.0696500e+02 
-8.6602540e+01 -7.1054274e-15 -2.4884800e+02 
-8.6602540e+01 -7.1054274e-15 -3.1354100e+02 
-8.6602540e+01 -7.1054274e-15 -3.1364900e+02 
-8.6602540e+01 -7.1054274e-15 -3.5052500e+02 
-8.6602540e+01 3.0000000e+01 -5.4989200e+01 
-8.6602540e+01 3.3333333e+01 -1.2357900e+02 
-8.6602540e+01 -1.6666667e+01 -1.8847200e+02 
-8.6602540e+01 1.6666667e+01 -2.8923500e+02 
-8.6602540e+01 1.6666667e+01 -4.0292100e+02 
-8.6602540e+01 -1.6666667e+01 -2.6955300e+02 
-8.6602540e+01 1.6666667e+01 -2.3546000e+02 
-8.6602540e+01 -7.1054274e-15 -1.2708100e+02 
-8.6602540e+01 -7.1054274e-15 -1.5967900e+02 
-8.6602540e+01 1.2500000e+01 -1.5331700e+02 
-8.6602540e+01 -1.2500000e+01 -2.9225700e+02 
-8.6602540e+01 1.6666667e+01 -1.2395300e+02 
-8.6602540e+01 -1.6666667e+01 -2.7683400e+02 
-8.6602540e+01 -1.6666667e+01 -3.0952600e+02 
-8.6602540e+01 1.6666667e+01 -4.0993700e+02 
-8.6602540e+01 -1.6666667e+01 -2.7654800e+02 
-8.6602540e+01 1.6666667e+01 -1.2287300e+02 
-8.6602540e+01 -2.5000000e+01 -8.5679000e+01 
-8.6602540e+01 2.5000000e+01 -4.8458600e+02 
-8.6602540e+01 -2.5000000e+01 -1.3663100e+02 
-8.6602540e+01 2.5000000e+01 -4.3263100e+02 
-8.6602540e+01 2.5000000e+01 -4.8970000e+02 
-8.6602540e+01 -2.5000000e+01 -8.3168700e+01 
-8.6602540e+01 1.6666667e+01 -2.4430500e+02 
-8.6602540e+01 1.6666667e+01 -1.7872000e+02 
-8.6602540e+01 -1.6666667e+01 -6.8388300e+01 
-8.6602540e+01 3.3333333e+01 -2.3455200e+02 
-8.6602540e+01 -1.2500000e+01 -2.7954100e+02 
-8.6602540e+01 1.2500000e+01 -2.7966600e+02 
-8.6602540e+01 -7.1054274e-15 -3.6346700e+02 
-8.6602540e+01 1.6666667e+01 -3.0767800e+02 
-8.6602540e+01 1.0000000e+01 -9.8714600e+01 
-8.6602540e+01 -1.0000000e+01 -1.0890100e+02 
-8.6602540e+01 -1.6666667e+01 -2.8826300e+02 
-8.6602540e+01 1.6666667e+01 -1.0739400e+02 
-8.6602540e+01 -7.1428571e+00 -3.1052900e+02 
-8.6602540e+01 7.1428571e+00 -3.5588300e+02 
-8.6602540e+01 1.6666667e+01 -3.0767800e+02 
-8.6602540e+01 1.6666667e+01 -2.4604100e+02 
-8.6602540e+01 -1.6666667e+01 -7.4453000e+01 
-8.6602540e+01 -2.5000000e+01 -9.3909500e+01 
-8.6602540e+01 2.5000000e+01 -4.7513700e+02 
-8.6602540e+01 1.6666667e+01 -4.0177600e+02 
-8.6602540e+01 -1.6666667e+01 -1.7628600e+02 
-8.6602540e+01 1.6666667e+01 -4.0095000e+02 
-8.6602540e+01 -1.6666667e+01 -1.7632300e+02 
-8.6602540e+01 2.5000000e+01 -4.3586700e+02 
-8.6602540e+01 -2.5000000e+01 -1.0762800e+02 
-8.6602540e+01 2.5000000e+01 -4.5914300e+02 
-8.6602540e+01 -2.5000000e+01 -9.1540500e+01 
-8.6602540e+01 1.6666667e+01 -1.8783900e+02 
-8.6602540e+01 -3.0000000e+01 -1.4997600e+02 
-8.6602540e+01 3.0000000e+01 -3.0502900e+02 
-8.6602540e+01 -1.6666667e+01 -3.1074900e+02 
-8.6602540e+01 1.6666667e+01 -4.0725700e+02 
-8.6602540e+01 -7.1054274e-15 -3.7285200e+02 
-8.6602540e+01 -7.1054274e-15 -3.4811100e+02 
-8.6602540e+01 3.7500000e+01 -1.8877000e+02 
-8.6602540e+01 -5.5555556e+00 -1.4606400e+02 
-8.6602540e+01 5.5555556e+00 -3.4881900e+02 
-8.6602540e+01 1.6666667e+01 -3.6041000e+02 
-8.6602540e+01 -5.5555556e+00 -2.8625000e+02 
-8.6602540e+01 5.5555556e+00 -3.2811000e+02 
-8.6602540e+01 -7.1428571e+00 -3.4475700e+02 
-8.6602540e+01 1.0000000e+01 -3.8017900e+02 
-8.6602540e+01 -1.0000000e+01 -1.1765000e+02 
-8.6602540e+01 1.0000000e+01 -5.8363800e+01 
-8.6602540e+01 -1.0000000e+01 -1.4559200e+02 
-8.6602540e+01 -1.2500000e+01 -2.1515700e+02 
-8.6602540e+01 1.2500000e+01 -3.7004200e+02 
-8.6602540e+01 1.6666667e+01 -3.9184600e+02 
-8.6602540e+01 -1.6666667e+01 -1.7280500e+02 
-8.6602540e+01 -7.1054274e-15 -3.1250000e+02 
-8.6602540e+01 -7.1054274e-15 -3.0402600e+02 
-8.6602540e+01 -7.1054274e-15 -9.1115200e+01 
-8.6602540e+01 3.2758621e+01 -2.1705200e+02 
-8.6602540e+01 -7.1054274e-15 -3.9778500e+02 
-8.6602540e+01 -2.5000000e+01 -1.0154800e+02 
-8.6602540e+01 3.3333333e+01 -2.7967700e+02 
-8.6602540e+01 -1.6666667e+01 -2.1681300e+02 
-8.6602540e+01 1.6666667e+01 -2.6695300e+02 
-8.6602540e+01 3.3333333e+01 -6.5838300e+01 
-8.6602540e+01 -3.3333333e+01 -1.2422800e+02 
-8.6602540e+01 -7.1054274e-15 -2.9384700e+02 
-8.6602540e+01 -1.6666667e+01 -3.0845000e+02 
-8.6602540e+01 2.5000000e+01 -4.2731000e+02 
-8.6602540e+01 -2.5000000e+01 -1.7014200e+02 
-8.6602540e+01 -1.6666667e+01 -7.5204000e+01 
-8.6602540e+01 1.6666667e+01 -4.0427300e+02 
-8.6602540e+01 -1.6666667e+01 -3.0819600e+02 
-8.6602540e+01 -8.6206897e+00 -2.7020100e+02 
-8.6602540e+01 8.6206897e+00 -1.0191400e+02 
-8.6602540e+01 1.6666667e+01 -4.1494100e+02 
-8.6602540e+01 -1.6666667e+01 -3.0791100e+02 
-8.6602540e+01 3.8461538e+00 -3.7820700e+02 
-8.6602540e+01 7.1428571e+00 -4.1781900e+02 
-8.6602540e+01 1.6666667e+01 -4.0948100e+02 
-8.6602540e+01 -1.6666667e+01 -3.0889300e+02 
-8.6602540e+01 -1.6666667e+01 -2.8645500e+02 
-8.6602540e+01 2.5000000e+01 -4.8722200e+02 
-8.6602540e+01 -7.1054274e-15 -3.5858000e+02 
-8.6602540e+01 -7.1054274e-15 -3.9308500e+02 
-8.6602540e+01 7.1428571e+00 -4.1805900e+02 
-8.6602540e+01 -7.1054274e-15 -3.9580200e+02 
-8.6602540e+01 -7.1054274e-15 -3.8006100e+02 
